ID	logFC	CI.025	CI.975	AveExpr	t	P.Value	adj.P.Val	B	modLog10P	signLog10P
ABCA1	0.518862097087705	0.196577178423832	0.841147015751578	8.42775191454863	3.16735550200826	0.00168579864385576	0.0372454837397871	-1.39045871905519	2.773194	2.773194
ACSS3	0.792373698993913	0.415752846136443	1.16899455185138	6.53710242091466	4.13914401075692	4.45697175898239E-5	0.00531279678883889	1.84959021148207	4.35096	4.35096
ADM	0.891260900490243	0.423454923774197	1.35906687720629	9.49566194071812	3.74821018131941	2.11088051367223E-4	0.0112064592377401	0.451410996302125	3.675536	3.675536
AEBP1	0.971786304585159	0.56454952573762	1.3790230834327	9.12641036699721	4.69470846374299	3.95765749934561E-6	0.00114722596762281	4.04763068713408	5.402562	5.402562
AK4	0.580355949855917	0.304355376676212	0.856356523035623	9.00907647533171	4.13684553206478	4.49954513517031E-5	0.00531279678883889	1.84100572089497	4.346831	4.346831
AK4P1	0.580355949855917	0.304355376676212	0.856356523035623	9.00907647533171	4.13684553206478	4.49954513517031E-5	0.00531279678883889	1.84100572089497	4.346831	4.346831
AK4P3	0.580355949855917	0.304355376676212	0.856356523035623	9.00907647533171	4.13684553206478	4.49954513517031E-5	0.00531279678883889	1.84100572089497	4.346831	4.346831
AKAP12	0.694986720335718	0.315526739275781	1.07444670139566	9.21368206708661	3.60325811302638	3.63969367528505E-4	0.0148949111170342	-0.0349314981818694	3.438935	3.438935
ALDH1L1	0.864999337614088	0.429625734789971	1.3003729404382	7.21252647700525	3.90875571054779	1.13146092802959E-4	0.00857315438208545	1.01044456446346	3.94636	3.94636
ANXA1	0.642784534845813	0.229927971842768	1.05564109784886	10.5237603683487	3.06302875635816	0.00237610515862933	0.043020204935154	-1.69070131140386	2.624134	2.624134
ANXA2	0.53274567070884	0.221607229621794	0.843884111795886	11.7593309624	3.36861288380772	8.47249139513977E-4	0.0258126712974824	-0.784738167264658	3.071989	3.071989
APOBEC3G	0.541074440808634	0.235777416904432	0.846371464712836	7.86540378760216	3.48673784941642	5.56895749156437E-4	0.0199481076985889	-0.413096651771901	3.254226	3.254226
AQP1	1.01667165652838	0.388891054291057	1.6444522587657	9.83497221737413	3.18608729981466	0.0015835068512879	0.0362042599410842	-1.33555257915591	2.80038	2.80038
BST2	0.751715033955549	0.390176228803257	1.11325383910784	7.14811165596843	4.09056374861072	5.44389699610077E-5	0.00576167688075772	1.66905775978708	4.26409	4.26409
C1R	1.14064650653883	0.751149767807547	1.53014324527011	9.12927336783102	5.76145397150662	1.95102270843349E-8	3.87807570930623E-5	8.92266031560881	7.709738	7.709738
C1RL	0.85539328775373	0.525227583885118	1.18555899162234	6.10781994625257	5.09704804078202	5.89681210806559E-7	3.70212176178605E-4	5.78828530174123	6.229383	6.229383
C1S	1.07357211266065	0.653822065727798	1.4933221595935	9.39713274037443	5.03182253610656	8.09651862356309E-7	4.33288308185603E-4	5.49783716609809	6.091702	6.091702
CASP1	0.52402034236231	0.215641740710494	0.832398944014126	7.47531040465234	3.34309531808209	9.26217160456528E-4	0.0267929013941624	-0.863460351612105	3.033287	3.033287
CBR1	0.503539349181871	0.191991193698186	0.815087504665556	8.92273787828551	3.17975074302261	0.00161744923635906	0.0364161629040453	-1.35416004016125	2.791169	2.791169
CCL2	1.21011175470932	0.673653814353275	1.74656969506536	9.19049030437028	4.43787074766793	1.24964937896598E-5	0.00248394592270467	3.00126286659492	4.903212	4.903212
CD14	0.740657650678845	0.335727431508134	1.14558786984956	9.48928814997239	3.59850551257778	3.70420080177516E-4	0.0150896437989496	-0.0505796610094107	3.431305	3.431305
CD163	0.950434239594804	0.448988087233297	1.45188039195631	9.63683770350218	3.72891615038151	2.27191217003463E-4	0.0117831579215742	0.385664326776952	3.643608	3.643608
CD302	0.513298591769169	0.221758936494254	0.804838247044083	8.23467711952513	3.46383570393678	6.04646496072007E-4	0.0211383199656932	-0.486076706737439	3.218498	3.218498
CD44	0.604026393310756	0.293019067400961	0.915033719220551	11.2636376122265	3.82093935090734	1.5955663588465E-4	0.0102307420815623	0.702021585370409	3.797085	3.797085
CEBPD	0.632449644362653	0.373256512719449	0.891642776005857	10.673732190706	4.80050925498626	2.42795267245498E-6	8.29586734795048E-4	4.49348608724378	5.61476	5.61476
CHI3L1	1.68666385203453	1.01923373099531	2.35409397307376	11.6466236354212	4.97173054047522	1.08119913912683E-6	5.33816790671926E-4	5.23305257280601	5.966094	5.966094
CHI3L2	1.02067384208055	0.432788603475452	1.60855908068566	8.07735149700454	3.41569651707916	7.17760676088395E-4	0.0231178751090137	-0.638026674589997	3.14402	3.14402
CHL1	1.49879935429916	0.987456413199131	2.01014229539919	8.35448556589008	5.76655023705345	1.89832748138377E-8	3.87807570930623E-5	8.94790802114783	7.721629	7.721629
CHRM3	0.618613464887944	0.255473994039825	0.981752935736063	5.79473985134402	3.35143468446198	8.99685711953811E-4	0.0264097615952011	-0.837794414695863	3.045909	3.045909
CHST2	0.644225263280336	0.34535181072275	0.943098715837922	8.3100026759563	4.24067762449725	2.91617575477903E-5	0.00401739301504905	2.23304374654054	4.535186	4.535186
CLEC2B	0.596018778348346	0.211939320436734	0.980098236259958	8.41858027097915	3.05297825178892	0.00245479280636247	0.043789727061189	-1.71912678804291	2.609985	2.609985
CLEC5A	0.803556879564558	0.401500957545944	1.20561280158317	6.39146885251719	3.93201356868674	1.0319191504204E-4	0.00816097892209037	1.09319175073228	3.986354	3.986354
CNGA3	0.640325895904003	0.231542291690978	1.04910950011703	6.72341661292359	3.08171480603318	0.00223594310963226	0.0417036359616933	-1.63761877605747	2.650539	2.650539
CNR1	0.74451760045388	0.279115604175732	1.20991959673203	7.65043192867794	3.14725240988764	0.00180234853200494	0.0379861512083136	-1.44904700825831	2.744161	2.744161
COL5A2	0.643305184820141	0.220468362664922	1.06614200697536	8.63012219455548	2.9931542541525	0.00297486991910087	0.0483565524913909	-1.88650421530813	2.526532	2.526532
COL9A3	0.827091962272734	0.326279097459082	1.32790482708639	6.04608502444571	3.24910069831929	0.00128004724107054	0.0323018655468316	-1.14862825866546	2.892774	2.892774
CPQ	0.571886998247312	0.345056652403392	0.798717344091231	7.38930820926172	4.96013978384458	1.14286841590979E-6	5.33816790671926E-4	5.18229074226106	5.942004	5.942004
CSRP1	0.683162056000786	0.405878361425788	0.960445750575784	10.2515652747113	4.84712536606739	1.95233360592488E-6	7.98933488412434E-4	4.69264134165438	5.709446	5.709446
CST3	0.511313945445647	0.19262107587394	0.830006815017353	11.7021233864186	3.15645889891129	0.00174807893886127	0.0377491711655546	-1.42225906683854	2.757439	2.757439
CXCL11	0.618242444298742	0.232040142459105	1.00444474613838	4.16639872644903	3.14940713542908	0.00178950938878073	0.0379861512083136	-1.44278401761846	2.747266	2.747266
CXCL14	1.28165809186778	0.612436990176971	1.9508791935586	8.68881913913958	3.76779620943652	1.95846744259913E-4	0.0109969548392819	0.518469107388531	3.708084	3.708084
CXCL8	1.05048720865018	0.405381188748702	1.69559322855166	8.79481233204393	3.20364600470201	0.00149286379312354	0.0353862126363219	-1.28380994879793	2.82598	2.82598
DEPP1	0.518459246013573	0.182233335236804	0.854685156790343	8.24483139503911	3.03366969266183	0.00261272399423387	0.0455729054586384	-1.7734897845905	2.582906	2.582906
DIRAS3	1.04119057310582	0.594024616493679	1.48835652971797	6.76059125066923	4.58085286126716	6.63086954132034E-6	0.00153769864663219	3.57744917188894	5.17843	5.17843
DPYD	0.751766429953565	0.368676092314452	1.13485676759268	8.60781275554505	3.86070464176308	1.36665640367165E-4	0.0094605259704912	0.84089545269345	3.864341	3.864341
DRAM1	0.541691248469644	0.26922370302878	0.814158793910508	6.95522933191337	3.91130683979235	1.12011352885044E-4	0.00857315438208545	1.01949933806522	3.950738	3.950738
DUSP6	0.704873189732394	0.406180729853664	1.00356564961112	9.52165986425366	4.64271024977409	5.01585605546787E-6	0.00129241891029222	3.83165442889234	5.299655	5.299655
DYNLT3	0.692954115556915	0.436300613534241	0.949607617579589	9.8987697063249	5.31180509884892	2.0300617321117E-7	2.17279068773863E-4	6.76673476921957	6.692491	6.692491
EFEMP1	0.831882977476814	0.379551163093001	1.28421479186063	10.9854543706527	3.61817818325445	3.44397300153108E-4	0.0144343766402729	0.0143167495985317	3.46294	3.46294
EFEMP2	1.06648024412464	0.766077764437315	1.36688272381197	8.57943517738297	6.98448114318942	1.64713803582623E-11	2.29182786304862E-7	15.4716942714516	10.78327	10.78327
EFNB2	0.551780666141328	0.263947770150824	0.839613562131832	8.77980613623193	3.77147210120675	1.93104599925193E-4	0.0109969548392819	0.531090020077695	3.714207	3.714207
ELOVL2	0.953602421143996	0.430866977025776	1.47633786526222	7.22847643317882	3.58897343838373	3.83682960117569E-4	0.0154741006002199	-0.0819072733804287	3.416027	3.416027
EMP1	0.594921520708864	0.27277605089389	0.917066990523838	10.7285281393641	3.63322671221519	3.25661791813602E-4	0.0142276988991837	0.0641781662886549	3.487233	3.487233
EMP3	0.99311413827221	0.571355504160867	1.41487277238355	9.70204576962104	4.63254909061296	5.2522766284855E-6	0.00132837496076493	3.78969340757441	5.279652	5.279652
ERAP1	0.511510972352993	0.255242922895411	0.767779021810576	7.6300289985035	3.92685927905365	1.05323542864561E-4	0.00827950155603109	1.07481546261356	3.977475	3.977475
ETV5	0.541840917594497	0.24319359461989	0.840488240569104	8.32213886745089	3.56942301448148	4.12292497214339E-4	0.0162510986012473	-0.145921648115581	3.384795	3.384795
F3	0.822418525874475	0.497722880872575	1.14711417087638	8.99258600216116	4.98311911624	1.02374582589835E-6	5.27570348946285E-4	5.28302698625802	5.989808	5.989808
FABP5	0.805236622762152	0.275761685322469	1.33471156020183	9.71504324008843	2.99200943424168	0.0029857411549105	0.0483565524913909	-1.88967678574481	2.524948	2.524948
FABP5P1	0.805236622762152	0.275761685322469	1.33471156020183	9.71504324008843	2.99200943424168	0.0029857411549105	0.0483565524913909	-1.88967678574481	2.524948	2.524948
FABP5P11	0.805236622762152	0.275761685322469	1.33471156020183	9.71504324008843	2.99200943424168	0.0029857411549105	0.0483565524913909	-1.88967678574481	2.524948	2.524948
FABP5P2	0.805236622762152	0.275761685322469	1.33471156020183	9.71504324008843	2.99200943424168	0.0029857411549105	0.0483565524913909	-1.88967678574481	2.524948	2.524948
FABP5P7	0.805236622762152	0.275761685322469	1.33471156020183	9.71504324008843	2.99200943424168	0.0029857411549105	0.0483565524913909	-1.88967678574481	2.524948	2.524948
FABP7	1.16016153700529	0.530131567605863	1.79019150640471	11.1132077531262	3.62278117355871	3.38561642689626E-4	0.0144343766402729	0.0295480249026969	3.470362	3.470362
FBLN5	0.910441334811865	0.492678891393595	1.32820377823013	6.97570843915909	4.28753244838363	2.3910420920267E-5	0.00350199575457469	2.41278124388078	4.621413	4.621413
FGFR3	1.07266173344154	0.536319117685834	1.60900434919725	7.99939731357871	3.93464296117404	1.02120313608748E-4	0.00816097892209037	1.10257455933862	3.990888	3.990888
FKBP9	0.570295247657171	0.331506013279442	0.8090844820349	9.53660192824162	4.6986149597591	3.88749798903799E-6	0.00114722596762281	4.0639405334739	5.41033	5.41033
FKBP9P1	0.570295247657171	0.331506013279442	0.8090844820349	9.53660192824162	4.6986149597591	3.88749798903799E-6	0.00114722596762281	4.0639405334739	5.41033	5.41033
FMOD	1.17401877028442	0.79143426878548	1.55660327178335	6.38249499068131	6.03715762860818	4.32096246797462E-9	2.00406239264663E-5	10.3140086865182	8.36442	8.36442
FZD7	0.829023296298728	0.457669861556695	1.20037673104076	7.57887652889065	4.39201826172983	1.52602759210699E-5	0.00277746340841699	2.81988366356277	4.816438	4.816438
GALC	0.581142717788994	0.2837450409768	0.878540394601189	8.6005066695332	3.8444133445263	1.45640143413007E-4	0.00974248536273354	0.783842912354146	3.836719	3.836719
GBP1	0.815281287592839	0.425371197988999	1.20519137719668	9.24544762412831	4.11365483622918	4.95133389162302E-5	0.00542463462740494	1.75463032161245	4.305278	4.305278
GBP1P1	0.818297812619464	0.428891337876057	1.20770428736287	9.24299833376187	4.13421510604901	4.54874242367922E-5	0.00531279678883889	1.83118668360749	4.342109	4.342109
GPRASP1	0.654749632158884	0.327564739891164	0.981934524426604	7.34814836634078	3.93701318058991	1.01163388485923E-4	0.00813634327972909	1.11103738245596	3.994977	3.994977
GRB10	0.556699011685835	0.224173391980473	0.889224631391196	8.52695777572041	3.2936707758387	0.00109900421331377	0.0295250730674876	-1.01435244445069	2.959001	2.959001
HLA-DPA1	0.559058392543825	0.193829527583024	0.924287257504627	12.0402735675304	3.01145879661991	0.00280590630842096	0.0474955965637095	-1.83562254154671	2.551927	2.551927
HOPX	0.813634383604192	0.333211671925033	1.29405709528335	11.3099025122961	3.33188965948142	9.63015401092649E-4	0.0273308419756151	-0.897854237306449	3.016367	3.016367
HRH1	0.556795480718151	0.214066920990452	0.89952404044585	7.70022504760368	3.1961728152113	0.00153083901553704	0.0356920026130072	-1.30586472700944	2.81507	2.81507
IGFBP2	1.09838266833496	0.6330251029814	1.56374023368852	10.2465012222321	4.64356725870556	4.99639101577741E-6	0.00129241891029222	3.83519713934974	5.301344	5.301344
IGFBP3	0.786320027084816	0.322484444746032	1.2501556094236	10.4037212481068	3.33518648990656	9.52050101229843E-4	0.0272008729127557	-0.887746316839524	3.02134	3.02134
IGFBP5	0.703148253151415	0.353258670939899	1.05303783536293	11.6163212878353	3.9536729191478	9.46734409624752E-5	0.00774874269148165	1.17065050448093	4.023772	4.023772
IL1RAP	0.949761573611938	0.568869085081243	1.33065406214263	7.97632239582688	4.90565535715422	1.48129741649163E-6	6.44086632908267E-4	4.94502764575595	5.829358	5.829358
IQCG	0.755145015963724	0.437265176078812	1.07302485584864	7.34563461197314	4.67360734708351	4.3582134413231E-6	0.00118902317299156	3.95973529751154	5.360692	5.360692
KCTD12	0.520776889056418	0.210126684116751	0.831427093996084	10.0676552651961	3.29810825148351	0.00108234586678719	0.0292991447285544	-1.00089040237965	2.965634	2.965634
LAMA2	0.575784868133622	0.232910075993371	0.918659660273872	6.37885106898262	3.30376796344298	0.00106143966585439	0.0289019011951036	-0.983695951861439	2.974105	2.974105
LAPTM5	0.521372812805629	0.19948927736963	0.843256348241627	11.1393398145858	3.1866507310546	0.00158052089433558	0.0362042599410842	-1.33389637079501	2.8012	2.8012
LGALS3	0.829510870100405	0.448131414217731	1.21089032598308	11.6243716768763	4.27907239678747	2.47863514566612E-5	0.00355543602235035	2.38019845130043	4.605787	4.605787
LGALS8	0.592271660367757	0.369109682314195	0.815433638421319	7.42552105853269	5.22138356607131	3.19386998740617E-7	2.79155668065841E-4	6.35065397148706	6.495683	6.495683
LPAR1	0.576788700951605	0.203529549140162	0.950047852763047	8.36999263989662	3.04012280306005	0.00255893231996203	0.0449557882575148	-1.75535725480818	2.591941	2.591941
LTF	1.68034693557873	0.825678460710508	2.53501541044695	8.29342082472121	3.86799693207385	1.32820383731353E-4	0.00941895974709242	0.866504125972294	3.876735	3.876735
LYZ	0.796673390286244	0.313843949107071	1.27950283146542	8.33555966762109	3.24617116128104	0.00129286627637145	0.0324710133022244	-1.15739427614176	2.888446	2.888446
MAOB	0.966794278488186	0.480813786161273	1.4527747708151	10.0122890941868	3.91381309974693	1.10907079054287E-4	0.00857315438208545	1.02840005951233	3.955041	3.955041
MDK	0.724495445567898	0.38070707492963	1.06828381620617	7.65246830737255	4.14600026586587	4.3322457117702E-5	0.00531279678883889	1.87522265608432	4.363287	4.363287
MEIS1	0.594333483889468	0.271391566817474	0.917275400961462	6.73450800254608	3.6206840348989	3.4120876701235E-4	0.0144343766402729	0.022606398269498	3.46698	3.46698
MEIS3P1	0.696726431040262	0.413090481784664	0.980362380295861	6.94986699485867	4.83265574810057	2.08940334698125E-6	7.98933488412434E-4	4.63064698073399	5.679978	5.679978
MEIS3P2	0.696726431040262	0.413090481784664	0.980362380295861	6.94986699485867	4.83265574810057	2.08940334698125E-6	7.98933488412434E-4	4.63064698073399	5.679978	5.679978
MEOX2	1.22620174005862	0.600270194966198	1.85213328515103	6.5814270328368	3.85407300047564	1.40253798095677E-4	0.00951946998391828	0.817644861904422	3.853085	3.853085
MOXD1	0.858226537492844	0.298123778417158	1.41832929656853	7.16639060012785	3.01452628442473	0.00277846824817781	0.047203427600911	-1.8270671521705	2.556195	2.556195
MSN	0.771133031345277	0.515793204041332	1.02647285864922	9.96953960498881	5.94149305385839	7.33424867449341E-9	2.55121840142253E-5	9.82539349008609	8.134644	8.134644
MT1M	1.04212260523861	0.515286840865933	1.56895836961128	9.1372611026267	3.89160197059193	1.2106369414455E-4	0.008872569131086	0.949699291649967	3.916986	3.916986
MX1	0.654055393248671	0.239723122361688	1.06838766413565	7.85785176995832	3.10563647275912	0.00206761916890206	0.0406339733278294	-1.56922044845737	2.684529	2.684529
MXRA8	0.510066686216519	0.236350848021944	0.783782524411095	7.18810050962989	3.6661639208458	2.87946580530304E-4	0.0133996278310992	0.173973403103989	3.540688	3.540688
NAMPT	0.774794550642815	0.415469789078835	1.1341193122068	10.5208043815291	4.24213279104526	2.89832613150635E-5	0.00401739301504905	2.23859945352971	4.537853	4.537853
NAMPTP1	0.790661221351499	0.418873023878553	1.16244941882444	10.446589059383	4.18388450776776	3.70087834660391E-5	0.00476796493654137	2.01753730045366	4.431695	4.431695
NDRG1	0.532075595528921	0.196214824289415	0.867936366768428	9.7915562781064	3.11672802768043	0.00199360636243029	0.0402015056910944	-1.53733829532994	2.700361	2.700361
NNMT	1.111077302258	0.502878989373178	1.71927561514282	9.99299796131016	3.59404832414161	3.76567269693345E-4	0.0152312703212593	-0.0652379248960493	3.424157	3.424157
NR2E1	0.822871641577488	0.31182496684052	1.33391831631446	7.38169163689502	3.16778994831661	0.0016833585751717	0.0372454837397871	-1.3891887152804	2.773823	2.773823
OAS1	0.663460408935166	0.294635171818309	1.03228564605202	6.83302186990341	3.53898913540258	4.60840798133009E-4	0.0176644165768462	-0.244931583209699	3.336449	3.336449
PAMR1	0.793721561896415	0.432349510011747	1.15509361378108	8.11462245071584	4.32114126429191	2.07141846686238E-5	0.00321912244557131	2.54278412021977	4.683732	4.683732
PCSK5	0.610913555123379	0.266318997390451	0.955508112856307	7.23540657513236	3.48783711526111	5.54695009276327E-4	0.0199432205660745	-0.40958255494237	3.255946	3.255946
PDGFA	0.825136665861304	0.449456895037702	1.20081643668491	8.43186797623837	4.32108613230992	2.07190764603413E-5	0.00321912244557131	2.54257012760315	4.68363	4.68363
PDGFD	0.725243791508982	0.286231997412996	1.16425558560497	6.65154957313231	3.250069735147	0.00127583295229552	0.0322762539967998	-1.14572699757322	2.894206	2.894206
PDLIM4	0.869568438390696	0.365050109537482	1.37408676724391	7.96795569175563	3.39087411782922	7.83528639204387E-4	0.0242267055241996	-0.71560805779531	3.105945	3.105945
PDPN	1.47082961959754	0.961536196532965	1.98012304266211	9.10459317255735	5.6817110959609	2.98733266062317E-8	5.19571832998885E-5	8.52994204094222	7.524716	7.524716
PDZD2	0.738421900777831	0.306513809616874	1.17032999193879	7.97050598197015	3.36355146029126	8.62395467964066E-4	0.025860712373388	-0.800396955401532	3.064294	3.064294
PHF11	0.538278177523853	0.28913377720842	0.787422577839287	8.58667318226895	4.25050459847692	2.79764409804433E-5	0.00393196161416049	2.27059522257784	4.553208	4.553208
PINLYP	0.908012155343864	0.582976809203233	1.2330475014845	6.6262596462793	5.49598980986382	7.91634110404731E-8	1.10147970121714E-4	7.63252807460703	7.101476	7.101476
PLA2G2A	1.06698302784468	0.428293526286259	1.7056725294031	6.66976668475707	3.28664336661614	0.00112587322443727	0.0298958016122523	-1.03563707014357	2.948511	2.948511
PLA2G5	1.21558554238802	0.628150298427697	1.80302078634835	7.34782827423408	4.07108691797329	5.89529061187476E-5	0.00582587080454107	1.59721476809081	4.229495	4.229495
PLAT	0.543725210830551	0.190233055243117	0.897217366417986	8.99528942595643	3.02610879109092	0.00267707033920775	0.04624728232396	-1.79468892846533	2.57234	2.57234
PLOD2	0.540590623614737	0.268464031764765	0.812717215464708	9.56204566872219	3.90825033496958	1.1337217236623E-4	0.00857315438208545	1.00865145910678	3.945494	3.945494
PLSCR1	0.560819008414809	0.274126355818514	0.847511661011103	9.24211224628669	3.84849573741354	1.43340298468833E-4	0.00966631688327134	0.798119003219774	3.843632	3.843632
PLSCR4	0.506900864305996	0.224414530544504	0.789387198067487	8.26408585785281	3.53029044410351	4.75672130730715E-4	0.0179363198563338	-0.273087373065773	3.322692	3.322692
PLTP	0.565779232797148	0.221354112467186	0.910204353127109	8.99019962079399	3.23174459558534	0.00135774839194097	0.0332016012749854	-1.200455022282	2.867181	2.867181
PMP22	0.635145566463272	0.34560950026161	0.924681632664935	11.2618480412929	4.31574174961618	2.11985583802238E-5	0.0032288128811321	2.52183758237448	4.673694	4.673694
POSTN	1.76449902401736	0.872264255373504	2.65673379266122	8.59099851835215	3.8906944658879	1.21496855746623E-4	0.008872569131086	0.946492348121089	3.915435	3.915435
PTX3	1.22877843736003	0.637023508629923	1.82053336609013	7.41977112061026	4.08523031024325	5.56412097323636E-5	0.00577755068817991	1.64935407516816	4.254603	4.254603
PYGL	0.512176388811355	0.211156093294573	0.813196684328137	8.04445238327775	3.34740779845751	9.12407512735488E-4	0.0266706683449613	-0.850195317125534	3.039811	3.039811
RARRES2	0.821155375998424	0.347020333333602	1.29529041866325	7.7650966940185	3.40728242773833	7.39453964893367E-4	0.0235518933434248	-0.664383320457515	3.131089	3.131089
RBP1	1.08324709134677	0.614521388950786	1.55197279374275	9.70334290945699	4.54667184911884	7.7267847033047E-6	0.00176246692396363	3.43825510506912	5.112001	5.112001
RFTN1	0.528111597017428	0.219647097286163	0.836576096748694	9.32072909995362	3.36825809702409	8.48302708561441E-4	0.0258126712974824	-0.785836501962176	3.071449	3.071449
RGN	0.504243953138751	0.186053777868344	0.822434128409158	6.7992624612075	3.11773200071104	0.00198702897518912	0.0401969278450683	-1.53444715743461	2.701796	2.701796
RGS1	0.631164045089722	0.249703679030207	1.01262441114924	10.1690695596054	3.25520000318485	0.00125373529128946	0.0319495839615412	-1.13035371125555	2.901794	2.901794
RNU1-123P	0.768913137442212	0.38716372328783	1.15066255159659	6.36432897208119	3.9626320659071	9.1348678426331E-5	0.00765337152318959	1.20280272911683	4.039298	4.039298
RPH3A	0.718781763858297	0.291456377970764	1.14610714974583	5.34284112796718	3.30920143704792	0.0010417228413158	0.0286861431486165	-0.967163001406556	2.982248	2.982248
RUBCNL	0.757491800369777	0.420431423910998	1.09455217682855	6.87127336245781	4.42135189945496	1.34317590033453E-5	0.00254120405616856	2.93572813311162	4.871867	4.871867
S100A8	1.02840864837079	0.438166480793481	1.6186508159481	8.88583842044346	3.42783836363035	6.87501675046544E-4	0.0225079960155238	-0.599886911178821	3.162726	3.162726
SCG5	1.0052134237941	0.545447623884433	1.46497922370377	10.0673230586364	4.30136665895187	2.25414819902899E-5	0.0033366189405627	2.46618476636732	4.647018	4.647018
SDC2	0.626117984923749	0.287530489462462	0.964705480385035	9.04896897403027	3.63806212957712	3.19848023992494E-4	0.0142214860510703	0.0802400094569578	3.495056	3.495056
SEC61G	0.98046414388541	0.603803339763108	1.35712494800771	11.4234082827962	5.12113393519961	5.24111370615527E-7	3.47261219559259E-4	5.89633650490486	6.280576	6.280576
SERPINA3	0.940356306600849	0.435869785409616	1.44484282779208	11.6172114466183	3.66714195521769	2.86892161259809E-4	0.0133953608448624	0.177247528146355	3.542281	3.542281
SERPING1	1.18092984046346	0.785052338039982	1.57680734288694	8.38527558192638	5.86878396031745	1.09180448264867E-8	3.03827351431471E-5	9.45815976512424	7.961855	7.961855
SLC1A3	0.69896437164283	0.267126598500963	1.1308021447847	11.4237779153773	3.18433872887261	0.00159280682295359	0.0362255496122952	-1.34069076548857	2.797837	2.797837
SLC25A20	0.55866992142123	0.340441621601724	0.776898221240736	6.94922991402518	5.03650266601008	7.91527065341416E-7	4.33288308185603E-4	5.51857242007193	6.101534	6.101534
SLC27A3	0.523197619331438	0.248042172869584	0.798353065793292	6.40308979285311	3.74086893960019	2.17083935950963E-4	0.0113981354144215	0.426358369835502	3.663372	3.663372
SLC2A10	0.872924305546605	0.541833680464394	1.20401493062882	7.56975779809855	5.18697971898552	3.78883503463801E-7	2.79155668065841E-4	6.19390883348975	6.421494	6.421494
SLC35G2	0.839842751896362	0.536325692937529	1.1433598108552	7.97049970431493	5.44376940887628	1.03651680200248E-7	1.31109952573295E-4	7.38458866848261	6.984424	6.984424
SLC43A3	0.593147851583205	0.368120067584806	0.818175635581603	7.1663894233244	5.18575107307374	3.81195751994465E-7	2.79155668065841E-4	6.18832711717328	6.418852	6.418852
SNX10	0.760563641728783	0.322862545168921	1.19826473828865	8.7733598985321	3.41855658878696	7.10523113744237E-4	0.0229912060572961	-0.629053951489175	3.148422	3.148422
SOD2	0.684231550448908	0.325864097197895	1.04259900369992	9.78134848121662	3.75629232747706	2.04667874700796E-4	0.0110665753612403	0.479043820369008	3.68895	3.68895
SPP1	0.611371546921985	0.27800841123305	0.944734682610921	12.7062516988268	3.60804958992684	3.57572820972084E-4	0.0147354491356579	-0.0191361324307771	3.446635	3.446635
SPRY2	0.5837349059342	0.245216048972615	0.922253762895786	9.4083249486957	3.39248273142128	7.79101775829709E-4	0.0241763131428218	-0.710596300040458	3.108406	3.108406
SPRY4	0.683577800047514	0.272528924272	1.09462667582303	7.85116422972478	3.27174413783484	0.00118486995372934	0.0308731845247004	-1.08062374042786	2.926329	2.926329
SSPN	0.536756494781722	0.240281518300302	0.833231471263142	8.65645522971282	3.56183758586741	4.23922506115264E-4	0.0165222906164924	-0.170672177212953	3.372714	3.372714
STEAP3	0.740247542171174	0.410754649636024	1.06974043470632	6.85445613739762	4.41993386181739	1.35150999106277E-5	0.00254120405616856	2.93011240926555	4.869181	4.869181
TAGLN2	0.521181804833581	0.240958367185811	0.801405242481352	9.79128215234821	3.65906089012509	2.95714512431489E-4	0.0135794446401707	0.150218878780379	3.529127	3.529127
TAGLN2P1	0.540345592797987	0.25824346718687	0.822447718409104	9.78829713864659	3.76834019417488	1.9543863750866E-4	0.0109969548392819	0.520336133400625	3.70899	3.70899
THBS4	0.748087105100958	0.276307655940106	1.21986655426181	7.28309912489621	3.11959343284685	0.00197488698280343	0.0400562353917302	-1.52908448562464	2.704458	2.704458
TIMP1	0.917808682194007	0.567967042059758	1.26765032232826	11.5607238434933	5.16137612848966	4.2999961157037E-7	2.99150729769507E-4	6.07782126248874	6.366532	6.366532
TMEM158	0.703573943185171	0.276366526592875	1.13078135977747	9.61630673108938	3.24008057822636	0.00131989927419467	0.0326125342950196	-1.17559542886874	2.879459	2.879459
TMEM176A	0.648030228482249	0.257472806877037	1.03858765008746	8.27258443343975	3.26433872728256	0.00121524922379678	0.0315466001863962	-1.1029127113651	2.915335	2.915335
TMEM176B	0.888372105749302	0.457383818952001	1.3193603925466	8.50824813999984	4.05521882126359	6.28915059196719E-5	0.00611938750605815	1.53891047132762	4.201408	4.201408
TNFAIP6	0.945078123945761	0.490430978216988	1.39972526967453	8.02852001547627	4.08957417055144	5.46601515207718E-5	0.00576167688075772	1.66540015368766	4.262329	4.262329
TNFRSF11B	0.560089336174635	0.191239755073681	0.92893891727559	5.4844402143827	2.98739642554895	0.00302991637269526	0.0485293515493081	-1.9024489395728	2.518569	2.518569
TP73-AS1	0.724161110022528	0.450649567379459	0.997672652665598	6.79395139961749	5.20888040918313	3.39878271739088E-7	2.79155668065841E-4	6.29358891630262	6.468677	6.468677
TPPP3	0.768913137442212	0.38716372328783	1.15066255159659	6.36432897208119	3.9626320659071	9.1348678426331E-5	0.00765337152318959	1.20280272911683	4.039298	4.039298
TRIB2	0.733585762009367	0.355504982118136	1.1116665419006	9.0876264314276	3.81725472277903	1.61852053002368E-4	0.0102364066612498	0.689219726303604	3.790882	3.790882
TRIM22	0.638125839889581	0.303225781224169	0.973025898554992	9.10052087565679	3.74865916207607	2.10726468256033E-4	0.0112064592377401	0.452944635850533	3.676281	3.676281
TRIP6	0.65185884125458	0.377934445448568	0.925783237060593	8.25136271887891	4.68174435485631	4.19933285240894E-6	0.00116859034616836	3.99358889739242	5.37682	5.37682
TRPM3	0.693826418065352	0.331809917701577	1.05584291842913	5.10839265973532	3.77057265722881	1.93772198182569E-4	0.0109969548392819	0.528000807174624	3.712709	3.712709
WWTR1	0.789073123522801	0.507126435048932	1.07101981199667	10.4712220767784	5.50598597404088	7.51657206245429E-8	1.10147970121714E-4	7.68021049493351	7.12398	7.12398
ZMAT3	0.605766834428379	0.298675158898273	0.912858509958485	8.36000694764614	3.88080924087489	1.26311247527622E-4	0.00901279332358632	0.911603778340464	3.898558	3.898558
