ID	logFC	CI.025	CI.975	AveExpr	t	P.Value	adj.P.Val	B	modLog10P	signLog10P
ABCC3	0.670663038	0.287153742	1.054172333	9.636069559	3.451864462	7.01E-4	0.029517157	-0.56481415	3.154167	3.154167
ACSS3	0.552702252	0.279941831	0.825462673	8.246932573	3.999771115	9.41E-5	0.012508641	1.209176587	4.026238	4.026238
ADGRE5	0.513869338	0.256355213	0.771383462	8.040890532	3.938917701	1.19E-4	0.014101297	1.001429608	3.924722	3.924722
ADGRL2	0.527719692	0.195528097	0.859911287	8.458521252	3.135739072	0.002017606	0.048050736	-1.485951457	2.695164	2.695164
AEBP1	0.782898288	0.401325303	1.164471274	10.1336502	4.049980954	7.75E-5	0.011914323	1.382547321	4.110856	4.110856
ANXA1	0.839811664	0.379849101	1.299774227	11.2141358	3.603999105	4.1E-4	0.023879914	-0.094351125	3.386729	3.386729
ANXA2	0.591003728	0.220647165	0.96136029	11.61342573	3.149890332	0.001927519	0.046936393	-1.446377321	2.715001	2.715001
ARAP3	0.515452424	0.271196131	0.759708718	8.886263276	4.165509037	4.92E-5	0.010796172	1.788110606	4.308467	4.308467
B3GNT5	0.833604068	0.505623691	1.161584445	8.552076144	5.016920531	1.3E-6	0.002159581	5.048193694	5.88465	5.88465
BCAT1	0.873276448	0.452297249	1.294255646	10.09514757	4.094646062	6.5E-5	0.011010458	1.538250313	4.186776	4.186776
BCL3	0.57498027	0.309668816	0.840291724	8.02158706	4.277816987	3.13E-5	0.008739561	2.19113654	4.504422	4.504422
C1R	0.746405292	0.345498778	1.147311805	9.902120625	3.674995864	3.18E-4	0.021042108	0.131103711	3.497809	3.497809
C1RL	0.60562878	0.305718718	0.905538842	8.290496447	3.986031491	9.93E-5	0.012718509	1.162042788	4.003218	4.003218
CA3	0.746213008	0.275011229	1.217414788	5.830128397	3.125943694	0.002082229	0.048403952	-1.513252012	2.681472	2.681472
CAVIN1	0.530323516	0.275278851	0.78536818	10.10965972	4.104402087	6.26E-5	0.011010458	1.572444096	4.203439	4.203439
CFH	0.510185104	0.18820787	0.832162338	7.619216353	3.127719994	0.00207037	0.048403952	-1.508306925	2.683952	2.683952
CHI3L1	1.370856848	0.692860626	2.048853071	12.20010253	3.991076839	9.73E-5	0.012700328	1.179335435	4.011664	4.011664
CLEC5A	0.608804166	0.234283107	0.983325226	7.03000268	3.208681649	0.001591719	0.04304439	-1.2802845	2.798134	2.798134
CLIC1	0.683908054	0.373943794	0.993872314	10.29459602	4.355232605	2.28E-5	0.008361132	2.47390169	4.641677	4.641677
CNIH3	0.604578906	0.244584649	0.964573164	7.884578234	3.314993453	0.001118457	0.03602203	-0.97310305	2.951381	2.951381
COL5A2	0.700023166	0.301585709	1.098460623	9.622877994	3.467987396	6.63E-4	0.028659998	-0.515780031	3.178458	3.178458
COL6A1	0.518541194	0.231121839	0.805960549	11.54858961	3.561168392	4.78E-4	0.024918075	-0.228554734	3.320499	3.320499
COL6A2	1.047919043	0.546362877	1.549475209	9.102937599	4.124140159	5.79E-5	0.011010458	1.641825045	4.237241	4.237241
CYTOR	0.64791837	0.28043514	1.015401599	9.337771998	3.48023064	6.35E-4	0.028084984	-0.478413781	3.19696	3.19696
DCBLD2	0.518897717	0.213684587	0.824110847	8.88739191	3.355859774	9.74E-4	0.033612056	-0.852698679	3.011284	3.011284
DIRAS3	0.871200483	0.455862672	1.286538294	8.482438674	4.140396143	5.43E-5	0.011010458	1.699167923	4.265168	4.265168
DPYD	0.623349259	0.235072641	1.011625876	9.21104462	3.168950583	0.001812064	0.045963782	-1.392826424	2.741827	2.741827
ECHDC2	0.514172756	0.247781922	0.78056359	9.353405626	3.809912847	1.94E-4	0.017491059	0.569729814	3.713314	3.713314
EFEMP1	0.710028813	0.317270607	1.10278702	11.41375255	3.568419976	4.66E-4	0.02470397	-0.205929125	3.331671	3.331671
EFEMP2	0.501043233	0.272846316	0.72924015	9.544507412	4.334017757	2.49E-5	0.008361132	2.396014689	4.603888	4.603888
EFHC1	0.515147426	0.280222712	0.75007214	9.73074013	4.328406935	2.55E-5	0.008361132	2.375465605	4.593916	4.593916
EMP3	0.848429008	0.440272611	1.256585406	10.35252847	4.103119431	6.29E-5	0.011010458	1.567944768	4.201247	4.201247
EVA1C	0.536623665	0.23422346	0.839023871	7.434924575	3.502781092	5.87E-4	0.027232834	-0.40929406	3.231167	3.231167
FABP5	0.842839555	0.334438745	1.351240365	10.80284663	3.272381532	0.001289715	0.038135165	-1.097279784	2.889506	2.889506
FABP5P1	0.842839555	0.334438745	1.351240365	10.80284663	3.272381532	0.001289715	0.038135165	-1.097279784	2.889506	2.889506
FABP5P11	0.842839555	0.334438745	1.351240365	10.80284663	3.272381532	0.001289715	0.038135165	-1.097279784	2.889506	2.889506
FABP5P2	0.842839555	0.334438745	1.351240365	10.80284663	3.272381532	0.001289715	0.038135165	-1.097279784	2.889506	2.889506
FABP5P7	0.842839555	0.334438745	1.351240365	10.80284663	3.272381532	0.001289715	0.038135165	-1.097279784	2.889506	2.889506
FAM20C	0.622369456	0.308404402	0.93633451	10.14107312	3.912841143	1.31E-4	0.014728361	0.913209074	3.881571	3.881571
FKBP9	0.662347111	0.420653567	0.904040655	10.07595051	5.409359605	2.1E-7	9.04E-4	6.699594431	6.677627	6.677627
FKBP9P1	0.662347111	0.420653567	0.904040655	10.07595051	5.409359605	2.1E-7	9.04E-4	6.699594431	6.677627	6.677627
FMOD	0.598492566	0.321451929	0.875533203	8.169814272	4.264229206	3.31E-5	0.008899378	2.141921195	4.480514	4.480514
FSTL1	0.565918618	0.293574175	0.838263061	11.00633226	4.101670043	6.33E-5	0.011010458	1.562861945	4.19877	4.19877
FZD1	0.549299865	0.318815921	0.779783809	8.067781612	4.704289855	5.22E-6	0.004281478	3.797620233	5.282117	5.282117
FZD5	0.594925735	0.272095881	0.917755588	7.802355213	3.63759483	3.64E-4	0.022187569	0.01186987	3.439091	3.439091
FZD7	0.970681961	0.556917791	1.38444613	8.926571081	4.630728688	7.17E-6	0.004825618	3.512146711	5.14426	5.14426
G0S2	0.604017026	0.274427102	0.933606949	8.358342749	3.617433134	3.91E-4	0.023197066	-0.051976565	3.407624	3.407624
GJB2	0.854335171	0.340575058	1.368095284	6.665115037	3.282412511	0.001247333	0.037910866	-1.068174505	2.904018	2.904018
GJC1	0.610004182	0.318562973	0.901445391	9.065329055	4.131493849	5.63E-5	0.011010458	1.667742596	4.249864	4.249864
GPX8	0.756645799	0.382017013	1.131274585	7.044601146	3.98672921	9.9E-5	0.012718509	1.164433113	4.004385	4.004385
GSAP	0.691997976	0.412157356	0.971838597	9.095320991	4.881118227	2.4E-6	0.00287106	4.49764836	5.619649	5.619649
IGF2BP3	0.903243037	0.403920087	1.402565987	7.731740566	3.570658796	4.62E-4	0.024674569	-0.198935872	3.335123	3.335123
IGFBP2	1.149656061	0.605157073	1.694155049	11.19052439	4.167696771	4.87E-5	0.010796172	1.795879419	4.312249	4.312249
IGFBP3	0.9478615	0.439408118	1.456314882	10.7873725	3.679755819	3.12E-4	0.021042108	0.146352286	3.505314	3.505314
IGFBP5	0.609722606	0.283829768	0.935615443	11.9067663	3.693029176	2.98E-4	0.020669123	0.188961601	3.52628	3.52628
KCNE4	0.681595807	0.316698689	1.046492924	8.062919214	3.687072982	3.04E-4	0.020937061	0.169825389	3.516865	3.516865
LAMB2	0.568768649	0.323311007	0.814226291	9.105488186	4.573875605	9.15E-6	0.005625148	3.293865655	5.038761	5.038761
LATS2	0.509808195	0.252841067	0.766775322	9.075380379	3.916106547	1.3E-4	0.014728361	0.924229916	3.886963	3.886963
LDHA	0.658864501	0.403684327	0.914044675	12.58749234	5.096528267	9.07E-7	0.00162742	5.37602431	6.042282	6.042282
LGALS3	0.82471859	0.447691505	1.201745675	11.66877485	4.317759923	2.66E-5	0.008361132	2.336529783	4.575018	4.575018
LIPG	0.5376947	0.215226772	0.860162627	7.004503693	3.291353176	0.001210654	0.037336022	-1.042167197	2.91698	2.91698
LOX	0.950762543	0.395501585	1.506023501	7.52464217	3.379871452	8.98E-4	0.032547706	-0.781355468	3.046737	3.046737
LOXL1	0.78667865	0.351136154	1.222221146	8.126972042	3.565267216	4.71E-4	0.024783258	-0.215770849	3.326811	3.326811
MCUB	0.692861089	0.349617454	1.036104723	8.819924143	3.984455104	9.99E-5	0.012720267	1.156643481	4.00058	4.00058
MDFIC	0.536464018	0.227764922	0.845163113	8.90395961	3.430287324	7.55E-4	0.030599903	-0.630127764	3.121791	3.121791
MDK	0.68322026	0.36588563	1.000554891	8.760464924	4.249800327	3.51E-5	0.009317349	2.08979574	4.455186	4.455186
MEOX2	1.159601074	0.501048553	1.818153595	6.574531348	3.475709331	6.45E-4	0.028191097	-0.492225954	3.190122	3.190122
MEST	0.519815395	0.191109945	0.848520845	11.38871414	3.121529832	0.00211197	0.048884156	-1.525529113	2.675312	2.675312
MGARP	0.547169803	0.214551293	0.879788313	7.167635348	3.247139644	0.00140237	0.039877683	-1.170175053	2.853138	2.853138
MICALL2	0.526070656	0.304827512	0.7473138	8.612060944	4.693529084	5.47E-6	0.004281478	3.755647295	5.261856	5.261856
MIR198	0.565918618	0.293574175	0.838263061	11.00633226	4.101670043	6.33E-5	0.011010458	1.562861945	4.19877	4.19877
MIR4435-2HG	0.648150395	0.280804272	1.015496519	9.337925324	3.482776348	6.3E-4	0.028056517	-0.470630092	3.200813	3.200813
MOXD1	0.853777887	0.42581514	1.281740633	8.831433265	3.937895561	1.19E-4	0.014101297	0.997962484	3.923026	3.923026
NAMPTP1	0.70775101	0.292876736	1.122625285	10.69977803	3.367357683	9.37E-4	0.033133965	-0.81859131	3.028237	3.028237
NDRG1	0.545558768	0.210988789	0.880128748	11.44115341	3.218695019	0.001540254	0.042292837	-1.251726074	2.812408	2.812408
OCIAD2	0.64401919	0.237594561	1.050443819	9.645735482	3.127836533	0.002069594	0.048403952	-1.507982402	2.684115	2.684115
OSMR	0.634496206	0.265123191	1.003869221	9.045036419	3.390698096	8.65E-4	0.031952915	-0.749043226	3.062784	3.062784
PAXIP1-AS2	0.564248328	0.356332801	0.772163854	7.593522585	5.356839275	2.7E-7	9.67E-4	6.473538325	6.569223	6.569223
PCOLCE	0.61410758	0.246252067	0.981963093	8.663327	3.295280939	0.001194861	0.037168459	-1.030722278	2.922683	2.922683
PCOLCE2	0.740230004	0.298610942	1.181849065	7.0554894	3.308598977	0.001142727	0.036466098	-0.991826805	2.942057	2.942057
PDGFA	0.529316895	0.237056613	0.821577177	9.167107566	3.574960227	4.55E-4	0.024560063	-0.185489283	3.341761	3.341761
PDIA4	0.607876267	0.374273315	0.841479219	9.904524431	5.136438813	7.55E-7	0.00162742	5.541774858	6.121937	6.121937
PDLIM4	0.640141942	0.303408712	0.976875172	8.82121353	3.752455615	2.39E-4	0.018826573	0.381310513	3.620833	3.620833
PDPN	1.24158931	0.763587809	1.71959081	9.976148417	5.127125662	7.88E-7	0.00162742	5.503014053	6.103312	6.103312
PLA2G2A	0.821119018	0.313170165	1.32906787	8.87338661	3.190886706	0.001687138	0.044343501	-1.330843013	2.772849	2.772849
PLAT	0.609377698	0.223288318	0.995467078	9.447570489	3.115472753	0.002153423	0.049260984	-1.542351792	2.666871	2.666871
PLOD2	0.621726238	0.261410646	0.982041829	9.966787519	3.405974541	8.21E-4	0.031455515	-0.703298314	3.085493	3.085493
PLP2	0.641143097	0.325789309	0.956496884	9.580357999	4.013120282	8.94E-5	0.012415717	1.255097946	4.04866	4.04866
PPIC	0.526751208	0.228066588	0.825435827	8.904403778	3.481111532	6.33E-4	0.028056517	-0.475720941	3.198293	3.198293
PYGL	0.541335924	0.256336977	0.826334872	9.054294562	3.749288419	2.42E-4	0.018826573	0.370994037	3.615765	3.615765
RAB34	0.757967182	0.418104483	1.097829881	9.732830182	4.402224214	1.88E-5	0.008062044	2.647488195	4.72585	4.72585
RARRES2	0.731193765	0.398294448	1.064093082	8.510897658	4.335556324	2.47E-5	0.008361132	2.401653211	4.606624	4.606624
RBP1	0.753726151	0.315988299	1.191464003	9.746768285	3.398793186	8.42E-4	0.031557675	-0.724824859	3.074808	3.074808
RIPOR3	0.560161015	0.256195206	0.864126825	7.211528769	3.637587108	3.64E-4	0.022187569	0.011845358	3.439079	3.439079
RNASE4	0.584807285	0.26899631	0.900618259	7.719609229	3.65519721	3.41E-4	0.021745852	0.067857434	3.46667	3.46667
S100A11	0.551387042	0.218704455	0.884069629	9.963650486	3.271536301	0.001293347	0.03815349	-1.099728694	2.888285	2.888285
SAMD9L	0.542794379	0.267884909	0.817703848	8.523537074	3.89736337	1.39E-4	0.015002335	0.861074354	3.856058	3.856058
SEC61G	0.717047475	0.332442121	1.101652828	11.72371958	3.680084938	3.12E-4	0.021042108	0.147407238	3.505833	3.505833
SERPING1	0.722839966	0.350064559	1.095615374	9.89460121	3.827543724	1.81E-4	0.016670718	0.628025511	3.7419	3.7419
SERPINH1	0.621159052	0.306355649	0.935962454	9.672065365	3.894831359	1.41E-4	0.015002335	0.852561875	3.851892	3.851892
SHOX2	0.782338462	0.398367445	1.16630948	7.935306033	4.021809493	8.64E-5	0.012082554	1.285056122	4.063284	4.063284
SLC2A10	0.747845576	0.39677861	1.098912541	8.361092072	4.204818176	4.2E-5	0.010515746	1.928199211	4.376625	4.376625
SMIM3	0.69318719	0.327619993	1.058754386	9.415815685	3.74290296	2.48E-4	0.01885335	0.35021696	3.605558	3.605558
SPATA6	0.54148085	0.267969855	0.814991845	8.310448321	3.907811166	1.34E-4	0.014728361	0.896247584	3.873272	3.873272
STEAP3	0.597695891	0.282464302	0.912927479	9.088087254	3.742620542	2.48E-4	0.01885335	0.349298711	3.605107	3.605107
TAGLN2	0.627327829	0.338559386	0.916096273	10.66044583	4.28815109	3.0E-5	0.008731532	2.2286502	4.522641	4.522641
TAGLN2P1	0.6323635	0.342617214	0.922109786	10.65780668	4.307984924	2.77E-5	0.008514661	2.300849657	4.557698	4.557698
TGIF1	0.520835462	0.236118356	0.805552568	8.731661222	3.610873238	4.0E-4	0.023426215	-0.072684982	3.397413	3.397413
TMEM158	0.632795433	0.261294346	1.00429652	10.66306083	3.362238406	9.53E-4	0.033319571	-0.833789631	3.020683	3.020683
TOM1L1	0.530940728	0.252323038	0.809558419	7.18624159	3.761513379	2.32E-4	0.018826573	0.410854557	3.635342	3.635342
TRIP6	0.615152698	0.368569439	0.861735957	9.854697097	4.924301124	1.98E-6	0.002810403	4.671510703	5.703376	5.703376
TSTD1	0.838943968	0.471373333	1.206514603	8.24935522	4.505234537	1.22E-5	0.006334628	3.033090002	4.912615	4.912615
UPP1	0.568302011	0.259985312	0.87661871	8.685397141	3.638374528	3.63E-4	0.022187569	0.014344998	3.440311	3.440311
VEGFA	0.778333378	0.344002265	1.212664491	11.81508198	3.537284345	5.2E-4	0.025742514	-0.302797247	3.283823	3.283823
ZNF217	0.523732342	0.20836292	0.839101765	8.058889536	3.278046188	0.001265619	0.038135165	-1.080853136	2.897697	2.897697
